2
0 12 19 31 22 17
12 0 15 37 21 28
19 15 0 50 36 35
31 37 50 0 20 21
22 21 36 20 0 25
17 28 35 21 25 0
